Input Matrix elements: 
8  7  6  1  5  7  7  6  7  9  4 10  
7  3  1  8  2  7  1  5  4 10  8  5  
5  2  9  6 10  8  3  4  5 10  9  4  
7  7  6  8  3  4  8  9 10  3  5  6  
2  7  7  4  9  6  4  7  3  6  4  6  
8  3  7  1  6  6  1  3  2  4  7  7  
7  4  5  9  5  6  1 10  8  4  7  2  
2  9  9 10  2  2 10  8  7  4  8  6  
3  8  4  6 10  5  4  3  1  3 10  2  
2  4  2 10 10  2 10  7  5  7  5  2  
10  7  4  4  6 10  8  3  4  6 10  9  
7  8  3  8  9  8  4  4  2 10  6  4  
Core Matrix elements: 
11  17  
14  14  

 